29
1094.58 4.37534 54.2154 0 1 0
363.69 -1.53347 48.3267 0 1 0
130.575 -3.2247 41.0409 0 1 0
8.04141 0.929167 57.946 0 1 0
-70.0311 0.47819 58.2081 0 1 0
-141.286 -1.43602 59.4064 0 1 0
-324.852 7.97043 64.8869 0 1 0
-401.997 9.41983 64.951 0 1 0
-607.011 12.5309 114.788 0 1 0
-743.662 14.0865 339.263 0 1 0
-764.389 34.4497 579.906 0 1 0
-785.116 54.8128 820.549 0 1 0
-935.898 95.5392 897.822 0 1 0
-1204.5 169.336 622.365 0 1 0
-1188.74 71.3625 -72.3252 0 1 0
-679.422 134.209 -241.397 0 1 0
-581.4 287.883 -456.387 0 1 0
-332.715 274.209 -306.268 0 1 0
-176.201 219.192 -281.551 0 1 0
-180.851 -10.7232 -408.832 0 1 0
-550.515 126.941 -964.701 0 1 0
-547.268 226.447 -1187.9 0 1 0
-574.304 312.543 -1436.75 0 1 0
-384.163 484.734 -1240.43 0 1 0
577.985 183.07 -127.785 0 1 0
745.885 5 -41.592 0 1 0
898.622 5 -22.569 0 1 0
1002.3 5 -0.418986 0 1 0
1105.98 63.8775 5.44285 0 1 0
